8
6
4
6
11
6
13
28
9
17
24
18
21
8
24
23
17
13
75
18
24
16
32
18
48
11
15
15
10
25
57
9
21
13
28
100
39
39
12
15
54
18
21
8
11
8
46
49
29
13
22
18
47
23
12
6
15
25
17
15
15
15
17
10
14
37
4
4
21
15
18
8
7
10
22
8
25
45
40
35
11
6
34
2
5
15
7
9
39
13
15
6
32
13
24
15
1
14
10
14
26
34
12
15
16
13
17
178
24
3
18
21
29
20
32
12
110
69
33
7
112
26
56
16
28
3
64
82
26
13
110
10
23
4
54
14
4
5
13
19
12
16
11
13
16
28
553
49
2
15
74
5
15
13
20
16
12
0
119
7
4
4
5
8
3
4
5
16
0
4
4
1
2
4
20
2
9
2
5
2
19
2
28
7
3
1
0
0
5
1
5
3
1
4
454
0
3
5
5
21
7
2
6
2
7
2
9
2
7
9
3
3
21
11
13
26
17
15
23
15
15
7
13
16
7
11
6
22
4
13
47
23
11
8
23
32
16
57
33
8
9
8
7
19
37
6
69
38
16
14
15
17
53
9
26
52
5
9
2
41
17
23
3
9
3
9
15
9
18
8
4
28
22
15
9
6
6
33
13
5
1
29
10
18
10
8
5
4
14
7
8
17
11
6
4
14
14
7
2
24
10
4
24
4
17
14
13
41
8
44
90
16
5
14
10
71
53
61
7
39
7
59
19
7
27
23
13
20
5
44
14
19
24
19
34
73
24
20
13
69
12
17
17
14
10
114
4
18
13
13
8
57
91
14
46
11
20
17
10
13
53
15
40
131
4
7
10
11
2
4
2
6
22
27
8
6
7
8
13
14
2
5
0
8
3
7
3
3
2
0
1
3
0
6
0
206
0
3
2
2
54
56
15
3
6
11
147
80
2
6
2
126
3
160
5
95
5
73
22
8
53
11
31
16
4
394
5
8
237
2
319
358
32
7
8
638
4
7
8
6
3
100
0
124
27
3
13
93
452
17
10
15
1
4
11
15
151
4
116
618
9
25
14
49
12
4
76
4
5
19
281
13
32
10
12
15
19
17
8
34
6
7
21
2
13
20
8
8
9
1
5
6
4
3
370
34
1
145
6
37
5
14
4
24
12
82
11
4
26
10
29
2
2
114
9
3
3
14
63
42
2
52
5
6
7
9
12
16
9
36
33
40
63
6
7
4
11
45
14
120
11
158
32
6
8
32
13
17
11
26
23
24
18
18
55
7
14
7
24
16
14
23
4
29
5
7
24
4
8
11
3
10
12
70
7
9
12
19
7
9
6
24
6
19
82
6
1
14
2
11
2
16
13
13
5
8
8
11
687
3
7
2
6
174
118
59
11
75
4
8
14
5
2
37
27
26
6
10
44
43
77
22
8
18
7
154
18
15
15
28
198
89
6
194
4
10
300
12
22
14
3
5
15
70
3
15
37
17
41
57
10
7
43
4
67
39
50
5
11
8
23
25
61
2
10
59
21
309
5
948
73
19
4
44
15
113
47
109
52
91
4
65
12
9
33
40
75
23
95
93
13
31
73
177
37
6
7
10
17
10
5
45
12
11
6
25
6
0
7
19
12
8
494
1
2
5
8
3
9
5
6
3
3
4
5
11
13
16
3
4
7
18
10
15
4
33
3
143
12
13
11
10
5
3
59
3
30
11
1
12
50
11
137
4
7
10
32
2
17
13
51
12
10
1
3
9
18
5
3
17
4
4
8
8
3
13
2
6
4
6
8
3
4
3
5
3
7
33
7
13
17
8
26
14
19
18
2
11
45
9
4
8
64
12
10
15
22
22
29
24
6
4
50
10
32
12
83
6
32
7
22
33
107
37
20
26
50
65
16
26
37
55
49
23
38
9
223
173
40
67
50
33
58
50
110
5
22
25
62
23
95
13
11
112
28
52
19
47
15
14
17
40
52
17
37
281
17
14
27
29
69
101
54
38
13
92
11
38
34
9
9
14
41
5
19
45
129
135
19
5
7
50
40
65
83
144
84
305
6
15
6
36
49
11
262
8
82
36
27
64
47
70
285
21
5
130
194
9
47
16
245
18
12
4
26
19
63
15
10
16
11
14
6
1
22
21
5
3
0
1
3
4
29
4
3
6
1
223
3
3
2
3
5
14
5
1
13
1
19
0
1
5
8
5
4
4
2
1
3
1
3
7
2
2
7
8
3
3
3
1
3
2
9
1
4
1
4
2
3
3
6
9
5
6
5
5
1
39
8
23