3
4
2
3
3
4
2
12
3
12
3
11
5
2
1
2
4
1
2
3
1
2
0
2
2
1
1
9
2
1
1
1
1
2
1
0
1
1
2
2
0
2
5
2
2
5
2
0
1
4
7
4
2
0
1
1
5
1
7
1
25
4
4
4
1
5
88
0
6
3
4
3
2
4
553
0
3
4
8
1
111
11
2
2
3
6
7
3
0
19
9
2
0
1
3
8
5
3
462
13
2
3
4
7
5
3
9
6
8
2
2
0
2
8
6
3
6
2
3
4
4
4
0
4
0
4
5
0
1
3
0
2
2
4
0
0
0
0
9
5
0
1
1
0
3
0
23
3
2
0
1
3
11
0
2
0
1
4
1
0
0
2
0
1
5
2
0
3
0
20
1
4
2
1
0
53
3
61
1
7
0
30
80
58
24
41
1
3
63
22
63
115
0
3
3
34
50
124
2
5
80
206
0
7
2
0
3
164
56
111
2
1
228
124
146
706
55
408
3
2
3
93
422
574
6
2
2
84
141
614
12
37
446
2
69
2
1
1
0
1
1
3
1
1
0
0
1
2
2
0
0
0
3
0
2
6
0
0
3
4
1
0
62
0
3
1
4
0
2
6
2
0
7
2
3
1
14
8
273
5
20
358
1
10
38
28
1
5
5
6
12
47
152
12
1
21
44
2
149
28
111
3
235
6
58
102
23
18
77
72
686
103
9
15
23
213
119
29
32
84
123
218
110
67
936
45
30
302
63
11
260
26
80
17
252
23
68
117
27
31
308
85
10
118
87
117
0
99
22
21
2
6
475
0
8
11
1
1
1
1
6
2
2
12
1
1
5
2
2
12
12
3
0
8
15
3
3
1
3
53
14
2
8
3
8
1
26
3
5
11
3
2
129
33
3
15
9
199
9
50
6
15
42
41
10
195
66
19
151
32
34
38
87
10
110
47
126
8
95
36
99
79
76
38
292
218
163
38
49
213
64
171
41
93
159
167
89
531
81
207
357
79
140
47
452
23
135
17
309
33
37
98
167
35
62
131
38
10
94
10
13
66
4
5
6
4
4
225
3
3
3
10
6
1
1
7
3
4
6
5
5
9
3
14
8
6
5
4
3
8
10
7
3
5
3
1
4
7
11
9
5
6
4
22
25
19
14
2
7
23
22
6
29
7
14
180
12
63
8
38
50
26
63
56
23
41
12
6
45
29
60
33
45
53
79
62
104
265
45
52
104
150
143
89
66
95
45
130
44
41
52
60
49
41
29
47
24
121
43
39
102
29
58
17
71
18
18
27
7
25
8
17
7
15
22
3
7
4
3
4
9
10
12
15
7
7
2
10
12
2
5
13
6
15
8
1
19
8
4
1
4
10
6
3
13
16
3
10
9
91
5
8
5
1
2
8
6
4
6
5
8
8
4
46
18
14
9
13
9
23
10
24
12
37
6
12
34
65
46
37
87
41
31
27
26
39
29
39
30
64
31
15
53
76
40
64
40
30
22
64
45
162
54
54
34
75
28
14
17
17
18
26
17
51
22
13
16
22
16
7
8
5
13
3
4
0
4
2
0
13
6
6
4
4
4
5
1
5
4
3
8
4
2
10
24
2
1
11
2
13
7
5
4
47
7
1
7
1
7
6
3
10
4
12
4
2
13
44
11
12
4
9
9
52
12
7
6
16
15
28
25
23
23
10
15
16
37
18
32
13
33
49
19
36
50
32
19
18
45
16
31
27
18
37
24
38
47
34
23
22
30
26
38
13
24
42
31
17
31
8
27
23
14
7
15
22
4
7
4
26
14
7
8
13
10
18
25
2
2
1
4
4
7
3
5
1
4
5
3
4
4
6
6
5
7
0
1
9
14
7
6
8
1
6
3
5
14
3
7
1
2
3
3
5
4
13
5
2
14
4
3
10
22
6
7
2
5
7
12
16
4
13
13
7
4
19
12
7
16
21
27
18
16
23
5
25
2
14
16
16
14
15
11
19
29
18
9
27
23
6
6
10
11
12
24
20
7
16
8
8
13
6
11
6
25
5
20
16
10
3
4
4
10
9
5
8
5
1
7
6
2
4
10
0
3
6
3
4
2
0
12
8
2
3
0
8
1
3
2
4
2
1
5
0
3
3
5
1
1
3
3
13
8
0
4
18
6
7
6
3
4
5
7
0
8
4
0
8
7
15
4
1
5
3
14
7
10
3
13
5
4
6
7
23
6
8
6
22
10
7
5
8
13
25
4
4
16
9
14
8
7
8
5
8
8
11
6
6
5
8