8
12
4
24
7
6
13
12
19
24
24
9
47
14
11
16
25
6
11
39
31
9
22
44
10
22
5
8
40
14
42
22
29
31
31
81
16
11
76
27
31
82
58
11
59
35
4
33
11
18
34
53
81
37
20
109
12
20
12
28
127
6
41
11
6
40
16
69
15
15
9
18
129
7
12
5
27
77
12
10
64
29
14
8
26
15
8
28
3
31
9
12
35
1
7
15
12
38
7
6
30
16
22
11
33
21
15
48
7
17
93
55
49
13
28
11
58
64
48
22
19
18
27
20
8
16
18
22
25
22
97
6
58
13
44
6
9
19
11
16
16
12
2
10
6
1
556
10
6
12
15
8
4
11
3
20
3
5
118
6
25
8
5
1
18
6
5
7
2
4
8
4
5
2
2
2
9
6
1
7
6
7
6
1
6
15
5
6
13
6
2
2
2
5
458
2
16
6
6
1
19
9
6
1
4
4
7
0
6
5
5
7
2
4
6
14
3
37
9
9
6
5
32
17
16
9
8
4
13
12
8
17
22
28
10
12
14
9
14
7
27
14
13
7
12
36
9
21
27
17
6
2
8
15
20
73
24
19
10
33
25
32
6
9
26
4
15
4
15
14
13
4
1
14
3
5
2
31
6
20
9
3
13
3
2
13
4
16
3
10
5
47
4
6
3
10
5
12
12
96
3
10
9
16
10
7
6
9
17
23
11
3
4
16
7
6
16
26
53
23
10
20
12
13
14
15
12
17
16
27
38
13
15
12
12
11
8
46
10
80
24
23
19
40
22
12
19
13
7
10
17
22
16
32
10
12
9
15
7
8
8
10
11
28
8
0
22
11
1
19
5
6
3
29
7
67
73
2
13
55
15
3
9
8
6
70
8
5
5
2
38
15
5
9
5
17
10
23
9
5
4
236
9
43
24
5
4
162
1
19
72
109
227
14
2
6
49
751
31
2
3
100
106
9
60
3
5
56
39
26
4
2
5
139
4
405
51
22
11
24
81
132
157
100
3
77
21
20
147
628
320
11
2
475
14
53
8
7
31
9
13
95
75
30
6
13
11
9
8
3
2
5
453
2
9
12
7
5
17
7
27
10
11
10
9
3
3
5
3
13
12
3
10
11
2
5
1
15
7
3
3
1
9
43
3
9
3
3
11
3
3
4
5
1
10
7
18
5
3
32
10
18
2
10
2
43
6
12
3
3
5
3
6
1
7
12
11
5
11
3
5
14
5
10
6
10
10
7
4
18
5
24
47
7
10
30
23
10
17
6
15
10
8
12
11
13
25
8
17
20
18
10
12
41
18
292
13
6
10
32
15
16
38
33
7
11
11
17
24
6
4
16
154
8
4
10
2
17
12
16
19
40
4
11
21
435
25
751
9
10
10
35
6
6
8
130
2
19
4
35
52
24
2
151
938
51
15
6
6
13
39
5
1
4
12
32
57
189
11
116
7
53
14
8
32
217
55
139
11
11
48
9
19
67
35
16
7
9
24
93
28
107
12
12
15
33
20
35
87
464
52
67
26
72
5
82
140
54
4
185
26
35
18
7
122
303
34
8
20
13
67
47
51
34
9
5
53
77
6
3
490
18
1
17
84
17
2
12
26
3
3
7
3
1
21
5
2
3
6
3
4
7
0
3
7
0
2
10
1
8
1
13
7
5
2
0
1
9
13
2
2
6
2
2
0
3
7
6
5
4
1
2
1
1
0
10
4
2
4
20
57
3
3
2
18
11
5
4
16
3
4
5
8
4
3
3
1
18
12
5
12
7
7
4
3
9
19
18
5
20
14
25
72
54
13
6
21
5
41
32
9
22
44
55
15
180
33
14
14
7
22
63
12
23
15
26
18
53
67
32
44
27
42
43
295
200
132
12
62
85
26
54
26
258
42
109
62
97
23
173
105
21
103
13
132
102
23
40
19
18
35
71
41
21
19
27
30
26
33
23
234
10
21
11
15
195
102
74
260
40
51
45
288
31
79
11
11
9
19
20
50
24
11
49
33
9
42
66
12
30
75
17
15
15
44
21
32
274
39
16
385
21
16
24
32
16
50
9
27
11
37
11
61
11
35
88
99
8
36
223
13
75
39
93
5
25
73
4
29
6
2
4
4
12
11
4
2
1
75
0
1
2
6
2
2
14
2
9
2
10
2
2
3
0
5
0
1
4
6
1
1
3
1
2
2
4
4
6
7
2
3
22
2
0
2
3
8
4
3
3
6
5
0
17
1
3
1
4
2
7
4
2
5
5
5
5
0
2
10
10