13
3
1
6
2
1
2
6
2
1
9
4
7
2
1
1
1
1
3
1
2
1
1
2
1
0
1
1
2
2
0
2
5
2
2
4
1
0
1
4
1
4
2
0
1
2
6
1
6
7
25
4
4
4
1
5
2
0
6
3
4
3
2
4
7
86
4
4
7
1
1
11
2
548
3
6
7
2
1
129
8
2
0
1
3
8
7
3
10
12
3
2
6
5
5
2
5
459
7
2
2
0
5
6
9
1
7
1
3
6
2
1
4
3
0
3
2
0
4
3
2
1
4
4
1
0
0
0
0
1
1
1
0
0
0
0
12
5
0
1
2
0
3
2
23
0
1
1
0
2
12
0
1
5
2
4
3
0
2
2
0
2
1
0
0
1
4
17
7
4
3
10
3
55
2
59
3
27
1
27
70
55
26
44
1
3
39
23
66
121
2
0
3
35
50
123
4
3
76
204
1
7
1
0
1
165
57
112
1
2
226
122
149
706
52
406
3
3
4
94
423
571
6
1
0
83
138
626
2
38
445
1
69
1
1
0
1
0
1
0
1
0
1
1
1
2
0
0
1
3
0
1
7
0
0
3
4
0
0
62
0
3
1
4
1
3
5
2
19
7
3
2
1
13
9
274
6
2
358
0
11
44
28
3
5
4
6
13
48
151
7
4
22
43
2
149
27
111
3
234
4
55
102
25
18
77
73
688
104
9
16
22
211
120
37
29
84
122
217
112
65
936
45
29
295
63
11
263
83
19
20
250
24
68
119
26
29
308
87
7
118
86
117
40
58
22
23
2
5
474
3
16
1
1
1
1
6
3
2
11
1
4
5
2
2
12
12
2
0
8
12
3
4
1
3
53
14
3
7
3
8
1
26
2
7
10
3
3
129
33
3
15
9
198
10
52
6
15
45
42
11
195
66
20
149
33
37
35
86
11
109
47
127
7
94
33
100
77
77
37
293
216
161
38
50
213
64
173
39
94
159
167
91
528
82
208
359
76
140
49
452
22
134
27
299
32
37
108
159
35
63
128
39
11
97
8
13
68
5
4
8
3
0
227
2
3
10
5
1
1
7
3
4
6
5
5
9
3
14
9
6
5
5
3
8
10
7
3
5
2
1
3
7
11
9
5
6
4
22
25
19
14
2
7
23
22
6
29
7
14
181
11
63
8
39
49
26
63
57
23
41
13
5
45
29
61
33
46
56
79
61
101
266
46
50
103
149
143
90
65
96
44
136
40
39
52
61
56
33
31
47
26
118
43
39
119
16
54
32
57
21
15
28
10
24
11
10
15
6
24
7
5
4
2
5
11
14
11
13
7
2
11
11
3
5
13
6
14
8
2
18
8
4
1
4
10
8
6
8
16
3
10
9
91
5
8
5
1
2
8
6
4
7
4
8
8
5
46
18
14
9
14
9
22
11
23
12
36
6
16
31
64
48
36
88
40
31
28
24
39
30
38
31
65
32
14
56
73
42
71
33
29
22
65
43
163
54
55
48
60
27
18
12
18
19
24
21
49
21
13
18
23
16
6
7
5
12
2
3
3
3
1
6
7
10
5
5
4
5
1
3
5
3
8
4
2
9
25
2
1
11
2
14
7
5
4
47
7
2
6
1
6
6
3
10
5
11
4
3
14
43
11
12
4
9
9
52
12
6
7
15
15
28
26
22
23
10
15
16
38
21
28
15
31
49
20
35
50
32
19
18
46
17
30
26
19
36
34
29
50
31
23
21
32
25
40
11
23
44
30
19
30
17
18
23
14
9
16
18
9
2
6
32
9
6
8
18
4
35
10
2
0
3
6
6
2
4
3
3
7
3
4
4
7
6
3
7
0
1
9
13
7
6
8
1
7
2
5
14
3
7
1
2
3
3
5
4
14
4
2
14
4
3
10
23
8
4
2
5
8
11
16
5
13
12
7
4
20
12
6
16
22
26
18
17
22
5
25
4
13
19
17
15
9
12
18
29
18
9
28
23
6
6
10
13
12
24
18
8
17
8
8
13
7
8
6
27
5
19
19
6
6
2
9
4
13
2
8
4
3
5
7
4
10
0
3
5
4
4
2
0
9
12
1
3
1
7
1
3
2
4
2
1
5
0
3
3
5
1
1
3
3
13
8
5
4
13
6
7
6
3
4
5
7
0
8
4
2
8
5
16
3
1
5
3
14
7
10
4
13
6
3
6
7
23
18
8
6
10
11
5
6
7
14
25
4
5
18
5
15
8
6
11
4
7
7
12
6
6
5
9
2
4
3
5
2
3
1
12
2