3
4
2
12
2
12
3
2
5
2
1
11
4
1
4
1
1
2
1
2
8
1
1
2
2
1
1
2
0
2
1
1
1
1
1
2
0
3
5
2
2
4
1
0
1
4
2
4
2
0
7
1
5
2
6
1
25
4
4
4
1
5
2
0
6
3
90
3
2
4
7
0
3
5
553
1
1
11
2
2
113
6
7
2
0
20
8
3
0
1
3
8
5
3
10
13
3
2
459
5
5
2
5
6
7
2
7
0
4
7
4
1
7
1
6
6
2
1
1
3
1
5
2
0
3
4
2
2
4
1
0
0
0
0
0
1
1
1
9
4
0
0
3
1
3
1
24
1
1
2
0
2
10
1
0
0
2
5
0
5
2
1
3
0
2
1
0
2
2
17
0
5
3
0
7
53
5
69
3
2
0
27
73
82
23
42
0
0
39
24
64
116
5
2
3
38
52
119
3
4
75
206
6
5
0
2
1
161
56
111
1
6
229
123
148
705
51
405
3
3
3
96
425
571
5
0
2
83
140
627
2
36
444
0
70
2
3
1
0
0
1
0
2
0
0
1
1
2
0
1
0
3
0
1
6
1
0
3
4
1
0
62
0
2
1
4
0
2
7
2
0
8
2
2
1
32
8
274
5
1
358
1
11
39
29
0
4
5
11
12
49
152
6
3
20
44
2
149
30
113
3
233
5
54
103
23
17
78
72
686
105
9
15
24
213
119
30
31
83
122
218
116
67
937
45
29
295
63
11
259
26
80
18
252
23
67
117
28
31
308
85
11
117
87
117
0
97
22
21
2
7
475
0
8
11
0
1
1
2
6
2
2
11
1
1
6
2
2
15
12
2
0
8
12
3
3
1
3
53
14
4
7
3
8
1
26
2
6
10
3
2
130
33
3
16
9
198
9
51
4
15
42
43
11
196
69
19
151
32
33
35
87
12
111
47
126
7
94
33
103
77
77
37
293
216
161
38
49
213
64
173
40
94
158
167
91
528
82
208
359
76
140
49
452
23
134
26
300
32
36
108
158
35
64
129
38
10
97
7
13
69
5
4
9
3
0
228
2
3
10
5
1
1
7
3
4
6
5
5
9
3
14
8
6
5
4
3
9
10
7
4
5
2
1
3
7
11
9
5
6
4
22
25
19
14
2
7
23
22
6
29
7
14
180
12
63
8
38
50
26
63
56
23
41
12
6
45
29
60
33
46
53
80
64
101
266
45
52
103
149
143
89
66
95
45
130
44
41
52
60
49
41
29
47
24
121
43
39
102
30
57
17
71
18
18
27
7
25
8
17
7
15
22
3
7
4
3
4
10
10
12
15
7
6
2
10
12
2
6
13
6
14
8
2
18
8
4
1
4
10
8
6
8
16
3
10
9
91
5
8
5
1
2
8
6
4
7
4
8
8
4
46
18
14
9
14
10
22
11
23
12
36
6
16
31
64
48
36
88
40
30
29
24
39
30
38
30
64
33
14
55
73
43
71
33
28
22
65
43
163
55
55
48
60
27
19
12
18
19
24
21
49
21
13
18
23
16
6
7
5
12
2
3
3
3
0
6
7
10
5
6
4
5
1
3
5
3
8
4
2
9
25
2
1
11
2
13
7
5
4
47
8
1
7
1
6
6
3
10
4
12
4
2
13
44
11
12
5
9
9
52
12
6
6
16
15
28
25
23
23
10
15
16
37
18
32
13
33
49
19
36
50
32
19
18
45
16
31
27
18
37
24
38
47
34
23
22
30
26
38
13
24
42
31
17
32
7
27
23
14
7
15
22
4
7
5
26
14
7
9
11
10
18
25
2
2
3
4
4
5
3
6
1
4
4
3
4
6
7
5
3
7
1
1
9
13
7
6
8
1
7
2
5
14
3
7
1
2
3
3
5
4
14
4
2
14
4
3
10
22
9
4
2
5
8
11
16
5
13
12
7
4
20
12
6
16
22
26
18
17
22
5
25
4
13
19
12
20
9
12
18
29
18
9
27
23
6
6
10
11
15
24
18
7
17
8
6
15
7
8
7
27
5
19
19
6
6
2
9
4
13
2
8
4
3
5
7
4
10
0
3
5
4
4
2
0
9
11
2
3
0
8
1
3
2
4
2
1
5
0
3
3
5
1
1
3
3
13
8
0
9
13
6
7
6
3
4
5
7
0
8
4
0
10
5
15
4
1
5
3
14
7
10
3
13
5
4
6
8
23
6
8
18
9
10
7
5
8
13
25
4
5
16
8
14
8
7
8
5
9
7
11
6
6
5
8
3
4
2
4
